[
    {
        "id": 0,
        "img_name": "0033",
        "width": 1917,
        "height": 1077,
        "position": [
            -2.1413319973463607,
            2.8149565988027,
            -2.955466102065518
        ],
        "rotation": [
            [
                0.9983656144290591,
                0.020269610402898753,
                -0.05343447220476579
            ],
            [
                -0.01959185171779693,
                0.9997212186018949,
                0.01317742096959338
            ],
            [
                0.0536866768570662,
                -0.01210900372684395,
                0.9984844078686397
            ]
        ],
        "fy": 2320.129188666617,
        "fx": 2318.7033061391107
    },
    {
        "id": 1,
        "img_name": "0034",
        "width": 1917,
        "height": 1077,
        "position": [
            -1.6687762249826128,
            2.8056177691041726,
            -2.9301111321217426
        ],
        "rotation": [
            [
                0.9983650157042776,
                0.020119090386883694,
                -0.053502501061182324
            ],
            [
                -0.019437961277687175,
                0.999723648863391,
                0.01322087609178412
            ],
            [
                0.05375370758528703,
                -0.012159280623111682,
                0.9984801904973196
            ]
        ],
        "fy": 2320.129188666617,
        "fx": 2318.7033061391107
    },
    {
        "id": 2,
        "img_name": "0035",
        "width": 1917,
        "height": 1077,
        "position": [
            -1.1962030978475877,
            2.796376959731867,
            -2.904618154340968
        ],
        "rotation": [
            [
                0.998364015218666,
                0.01997560321206742,
                -0.05357488584007978
            ],
            [
                -0.019291386009980656,
                0.999725994324771,
                0.013258155873331302
            ],
            [
                0.053825045678359267,
                -0.01220293192891235,
                0.9984758148848978
            ]
        ],
        "fy": 2320.129188666617,
        "fx": 2318.7033061391107
    },
    {
        "id": 3,
        "img_name": "0036",
        "width": 1917,
        "height": 1077,
        "position": [
            -0.7235843852899311,
            2.787410141285138,
            -2.879390956825805
        ],
        "rotation": [
            [
                0.9983629485778938,
                0.01986404547385888,
                -0.05363620609500753
            ],
            [
                -0.01918204550212985,
                0.99972886333464,
                0.013200338858656619
            ],
            [
                0.05388387548430306,
                -0.012149877079279725,
                0.9984732888013331
            ]
        ],
        "fy": 2320.129188666617,
        "fx": 2318.7033061391107
    },
    {
        "id": 4,
        "img_name": "0037",
        "width": 1917,
        "height": 1077,
        "position": [
            -0.25074047837084673,
            2.7785289954985437,
            -2.853959380125002
        ],
        "rotation": [
            [
                0.9983563652337873,
                0.019786830859230692,
                -0.05378707392792965
            ],
            [
                -0.01910756687623474,
                0.999731427839607,
                0.013113850611122503
            ],
            [
                0.05403210976123911,
                -0.012064556118184246,
                0.998466312701846
            ]
        ],
        "fy": 2320.129188666617,
        "fx": 2318.7033061391107
    },
    {
        "id": 5,
        "img_name": "0038",
        "width": 1917,
        "height": 1077,
        "position": [
            0.2217009173381351,
            2.76934452766901,
            -2.8282843926186665
        ],
        "rotation": [
            [
                0.9983581270491536,
                0.019758439250966615,
                -0.053764804782235616
            ],
            [
                -0.01907576548971964,
                0.9997311501527529,
                0.01318114506538532
            ],
            [
                0.05401078897671524,
                -0.012133898492214799,
                0.9984666259727929
            ]
        ],
        "fy": 2320.129188666617,
        "fx": 2318.7033061391107
    },
    {
        "id": 6,
        "img_name": "0039",
        "width": 1917,
        "height": 1077,
        "position": [
            0.6946086539481674,
            2.7604058614754723,
            -2.802767680375268
        ],
        "rotation": [
            [
                0.9983516800921277,
                0.019614016161345938,
                -0.053937122904806685
            ],
            [
                -0.01893008607254372,
                0.999734171818554,
                0.01316197323945581
            ],
            [
                0.05418094405334635,
                -0.012119243717844974,
                0.9984575850947277
            ]
        ],
        "fy": 2320.129188666617,
        "fx": 2318.7033061391107
    },
    {
        "id": 7,
        "img_name": "0045",
        "width": 1917,
        "height": 1077,
        "position": [
            -1.6935759408323277,
            2.4735105297837863,
            -2.5894645049293783
        ],
        "rotation": [
            [
                0.9983623248430111,
                0.020216433744534953,
                -0.05351601760884995
            ],
            [
                -0.01953661554350064,
                0.9997220553762979,
                0.013195932983156687
            ],
            [
                0.053767917824324926,
                -0.01212880047009357,
                0.998479796096042
            ]
        ],
        "fy": 2320.129188666617,
        "fx": 2318.7033061391107
    },
    {
        "id": 8,
        "img_name": "0046",
        "width": 1917,
        "height": 1077,
        "position": [
            -1.2209916380101338,
            2.464044724946748,
            -2.5640684971789693
        ],
        "rotation": [
            [
                0.9983627791753817,
                0.02001310737000092,
                -0.05358392194123875
            ],
            [
                -0.01932504680359503,
                0.9997244110311465,
                0.013328336522828726
            ],
            [
                0.05383589623333873,
                -0.012271003293281409,
                0.9984743956431379
            ]
        ],
        "fy": 2320.129188666617,
        "fx": 2318.7033061391107
    },
    {
        "id": 9,
        "img_name": "0047",
        "width": 1917,
        "height": 1077,
        "position": [
            -0.7484366166613613,
            2.4549489522815864,
            -2.5385729458716466
        ],
        "rotation": [
            [
                0.9983620939720187,
                0.01994906185628378,
                -0.053620558099113126
            ],
            [
                -0.019260923007333543,
                0.999725762150767,
                0.013319809945106917
            ],
            [
                0.053871571025094225,
                -0.012265211906948984,
                0.9984725426430944
            ]
        ],
        "fy": 2320.129188666617,
        "fx": 2318.7033061391107
    },
    {
        "id": 10,
        "img_name": "0048",
        "width": 1917,
        "height": 1077,
        "position": [
            -0.27562523907980896,
            2.445922459727283,
            -2.513262616223222
        ],
        "rotation": [
            [
                0.9983570474432961,
                0.019860524109264283,
                -0.05374723623042507
            ],
            [
                -0.01917210834679223,
                0.9997278145712403,
                0.013293872052592656
            ],
            [
                0.05399663028229303,
                -0.012241583015165014,
                0.9984660773223296
            ]
        ],
        "fy": 2320.129188666617,
        "fx": 2318.7033061391107
    },
    {
        "id": 11,
        "img_name": "0049",
        "width": 1917,
        "height": 1077,
        "position": [
            0.19717861884045113,
            2.4366192553799215,
            -2.487732965110522
        ],
        "rotation": [
            [
                0.9983502026244735,
                0.0198349867179945,
                -0.05388363593494601
            ],
            [
                -0.019139201314447168,
                0.9997270514726745,
                0.013398265813075367
            ],
            [
                0.05413468290031713,
                -0.012344871633587037,
                0.9984573302107769
            ]
        ],
        "fy": 2320.129188666617,
        "fx": 2318.7033061391107
    },
    {
        "id": 12,
        "img_name": "0050",
        "width": 1917,
        "height": 1077,
        "position": [
            0.6699767650377639,
            2.4277419605837136,
            -2.4621843896101803
        ],
        "rotation": [
            [
                0.9983452013284131,
                0.01976242859376628,
                -0.054002827709361066
            ],
            [
                -0.01906899523428395,
                0.9997293593173009,
                0.013325972376319866
            ],
            [
                0.05425156592473163,
                -0.01227414091070626,
                0.9984518581582282
            ]
        ],
        "fy": 2320.129188666617,
        "fx": 2318.7033061391107
    },
    {
        "id": 13,
        "img_name": "0297",
        "width": 1917,
        "height": 1077,
        "position": [
            -2.1413169048756853,
            2.814146471468901,
            -2.9555410753727016
        ],
        "rotation": [
            [
                0.05194907483590041,
                -0.7227414260651316,
                0.6891633512259875
            ],
            [
                0.6975288060564687,
                0.5201180544928947,
                0.49288008086345264
            ],
            [
                -0.7146711539898131,
                0.45510662535263774,
                0.5311526157471151
            ]
        ],
        "fy": 2320.129188666617,
        "fx": 2318.7033061391107
    },
    {
        "id": 14,
        "img_name": "0298",
        "width": 1917,
        "height": 1077,
        "position": [
            -1.6690535705619491,
            2.8049592132199903,
            -2.929235751059012
        ],
        "rotation": [
            [
                0.05180406947469293,
                -0.7226635003946678,
                0.6892559782716339
            ],
            [
                0.6973842467618714,
                0.5201997991362929,
                0.49299835836130085
            ],
            [
                -0.7148227407925958,
                0.4551369400256218,
                0.5309226074202106
            ]
        ],
        "fy": 2320.129188666617,
        "fx": 2318.7033061391107
    },
    {
        "id": 15,
        "img_name": "0308",
        "width": 1917,
        "height": 1077,
        "position": [
            -2.1663722897752455,
            2.481863374525934,
            -2.6148517206797055
        ],
        "rotation": [
            [
                0.05192300049726269,
                -0.7226529572575419,
                0.6892580832941246
            ],
            [
                0.6974847796597217,
                0.5201974829821983,
                0.4928585606865471
            ],
            [
                -0.7147160164445668,
                0.4551563270634769,
                0.5310496528307824
            ]
        ],
        "fy": 2320.129188666617,
        "fx": 2318.7033061391107
    },
    {
        "id": 16,
        "img_name": "0309",
        "width": 1917,
        "height": 1077,
        "position": [
            -1.6940184592098881,
            2.4730121990764697,
            -2.5890870398412846
        ],
        "rotation": [
            [
                0.05181280947248879,
                -0.7226000384404668,
                0.6893218531429295
            ],
            [
                0.6975428675252705,
                0.5201481370258183,
                0.4928284321274425
            ],
            [
                -0.7146673217233246,
                0.45529671643270825,
                0.5309948392088228
            ]
        ],
        "fy": 2320.129188666617,
        "fx": 2318.7033061391107
    },
    {
        "id": 17,
        "img_name": "0315",
        "width": 1917,
        "height": 1077,
        "position": [
            -1.3416368776241805,
            2.4654948462174207,
            -2.5701934740062615
        ],
        "rotation": [
            [
                0.052486919630839346,
                -0.7230349901679879,
                0.6888145804644699
            ],
            [
                0.6969848281029354,
                0.5204986953293891,
                0.4932476635066052
            ],
            [
                -0.7151624099894984,
                0.45420426148725357,
                0.5312637915243531
            ]
        ],
        "fy": 2320.129188666617,
        "fx": 2318.7033061391107
    },
    {
        "id": 18,
        "img_name": "0319",
        "width": 1917,
        "height": 1077,
        "position": [
            -2.191357468691646,
            2.149716281875122,
            -2.273996576238982
        ],
        "rotation": [
            [
                0.05198213043703137,
                -0.7225407901726412,
                0.6893712096192602
            ],
            [
                0.6973838101204629,
                0.5203688952198692,
                0.4928204888897363
            ],
            [
                -0.7148102402016169,
                0.45513846181612444,
                0.53093813300474
            ]
        ],
        "fy": 2320.129188666617,
        "fx": 2318.7033061391107
    },
    {
        "id": 19,
        "img_name": "0320",
        "width": 1917,
        "height": 1077,
        "position": [
            -1.719287675824007,
            2.140826216601683,
            -2.2483988787271016
        ],
        "rotation": [
            [
                0.05187400505804048,
                -0.722421512714441,
                0.6895043477503362
            ],
            [
                0.6974680607584129,
                0.5203512669001581,
                0.4927198628605295
            ],
            [
                -0.7147358895572105,
                0.4553479076516974,
                0.5308586357742371
            ]
        ],
        "fy": 2320.129188666617,
        "fx": 2318.7033061391107
    },
    {
        "id": 20,
        "img_name": "0326",
        "width": 1917,
        "height": 1077,
        "position": [
            -1.366527991186976,
            2.1335546863610206,
            -2.2299330173744796
        ],
        "rotation": [
            [
                0.05264444582499128,
                -0.7228438773653452,
                0.6890031141288211
            ],
            [
                0.6969763848579289,
                0.5207124826636244,
                0.49303390283900067
            ],
            [
                -0.7151590601216989,
                0.45426340305346885,
                0.5312177325467682
            ]
        ],
        "fy": 2320.129188666617,
        "fx": 2318.7033061391107
    },
    {
        "id": 21,
        "img_name": "0330",
        "width": 1917,
        "height": 1077,
        "position": [
            -2.216215031197464,
            1.8172971402257723,
            -1.933296355806078
        ],
        "rotation": [
            [
                0.05212917120336381,
                -0.7225345476691205,
                0.6893666491310917
            ],
            [
                0.6972104829392579,
                0.5205505965971535,
                0.4928738366579771
            ],
            [
                -0.7149685951069857,
                0.45494054975010395,
                0.530894532090712
            ]
        ],
        "fy": 2320.129188666617,
        "fx": 2318.7033061391107
    },
    {
        "id": 22,
        "img_name": "0331",
        "width": 1917,
        "height": 1077,
        "position": [
            -1.7440453844795871,
            1.8083563940016478,
            -1.9075258697551762
        ],
        "rotation": [
            [
                0.052161404536737496,
                -0.7223955950733447,
                0.6895098201587722
            ],
            [
                0.6971617049438912,
                0.5206956247808627,
                0.49278963411763627
            ],
            [
                -0.7150138075844978,
                0.45499524234072464,
                0.5307867598299939
            ]
        ],
        "fy": 2320.129188666617,
        "fx": 2318.7033061391107
    },
    {
        "id": 23,
        "img_name": "0337",
        "width": 1917,
        "height": 1077,
        "position": [
            -1.3897521872744982,
            1.799209220725285,
            -1.8901456306146738
        ],
        "rotation": [
            [
                0.052619591535164593,
                -0.7232066589399002,
                0.688624213233647
            ],
            [
                0.6968460871628585,
                0.5205241374649949,
                0.4934168147946895
            ],
            [
                -0.7152878507233896,
                0.45390169726639046,
                0.5313534979899952
            ]
        ],
        "fy": 2320.129188666617,
        "fx": 2318.7033061391107
    },
    {
        "id": 24,
        "img_name": "0341",
        "width": 1917,
        "height": 1077,
        "position": [
            -2.2410314501048996,
            1.4850676901075566,
            -1.5925905312197186
        ],
        "rotation": [
            [
                0.05213879504043678,
                -0.722543311575837,
                0.6893567356229673
            ],
            [
                0.6971923659123429,
                0.5205602363082666,
                0.49288928299186124
            ],
            [
                -0.7149855599697665,
                0.4549156001630458,
                0.5308930643387754
            ]
        ],
        "fy": 2320.129188666617,
        "fx": 2318.7033061391107
    },
    {
        "id": 25,
        "img_name": "0342",
        "width": 1917,
        "height": 1077,
        "position": [
            -1.7685547171135947,
            1.4759679613271155,
            -1.5671557519796104
        ],
        "rotation": [
            [
                0.05216786465874294,
                -0.72256968582384,
                0.6893268912681297
            ],
            [
                0.6972152861359568,
                0.5205400199800921,
                0.492878212520579
            ],
            [
                -0.7149610889239374,
                0.4548968418527021,
                0.5309420915666181
            ]
        ],
        "fy": 2320.129188666617,
        "fx": 2318.7033061391107
    },
    {
        "id": 26,
        "img_name": "0348",
        "width": 1917,
        "height": 1077,
        "position": [
            -1.4128383523431114,
            1.463083627349868,
            -1.5485730725978633
        ],
        "rotation": [
            [
                0.052139669700895126,
                -0.7236147248739918,
                0.6882319265981623
            ],
            [
                0.6964373700168226,
                0.5202722841199231,
                0.4942587783951736
            ],
            [
                -0.71572092640046,
                0.453539943469343,
                0.5310791609452327
            ]
        ],
        "fy": 2320.129188666617,
        "fx": 2318.7033061391107
    },
    {
        "id": 27,
        "img_name": "0352",
        "width": 1917,
        "height": 1077,
        "position": [
            -2.266065164259096,
            1.152715884142802,
            -1.251690203222471
        ],
        "rotation": [
            [
                0.05220122820529145,
                -0.7225021307034835,
                0.6893951718011851
            ],
            [
                0.6970155055820015,
                0.520730577711389,
                0.49295948151407926
            ],
            [
                -0.7151534218278802,
                0.45478603382831523,
                0.5307779636369473
            ]
        ],
        "fy": 2320.129188666617,
        "fx": 2318.7033061391107
    },
    {
        "id": 28,
        "img_name": "0353",
        "width": 1917,
        "height": 1077,
        "position": [
            -1.79358278939043,
            1.1435254329540008,
            -1.2260027266273497
        ],
        "rotation": [
            [
                0.05216147118539191,
                -0.722495784968116,
                0.6894048314503467
            ],
            [
                0.6969919971198043,
                0.5207319860756106,
                0.49299123179697274
            ],
            [
                -0.7151792340908126,
                0.4547945023645909,
                0.5307359265625629
            ]
        ],
        "fy": 2320.129188666617,
        "fx": 2318.7033061391107
    },
    {
        "id": 29,
        "img_name": "0363",
        "width": 1917,
        "height": 1077,
        "position": [
            -2.2910738609410797,
            0.8205111082484471,
            -0.9108963596119586
        ],
        "rotation": [
            [
                0.05220390735020329,
                -0.7224867633998159,
                0.6894110738662598
            ],
            [
                0.6969781735399396,
                0.5207665239879615,
                0.4929742925370711
            ],
            [
                -0.7151896095905622,
                0.454769286787877,
                0.5307435521305414
            ]
        ],
        "fy": 2320.129188666617,
        "fx": 2318.7033061391107
    },
    {
        "id": 30,
        "img_name": "0616",
        "width": 1917,
        "height": 1077,
        "position": [
            -2.265183780312851,
            1.1526543199760635,
            -1.2508471765543814
        ],
        "rotation": [
            [
                -0.9983694064412486,
                -0.05342844595390532,
                0.020097996046847724
            ],
            [
                0.019365985524292736,
                0.014183407142380292,
                0.9997118532689839
            ],
            [
                -0.05369810878253883,
                0.9984709470609467,
                -0.013125585259123678
            ]
        ],
        "fy": 2320.129188666617,
        "fx": 2318.7033061391107
    },
    {
        "id": 31,
        "img_name": "0617",
        "width": 1917,
        "height": 1077,
        "position": [
            -1.7927131891753227,
            1.1434295890045396,
            -1.2255404227057074
        ],
        "rotation": [
            [
                -0.9983661835241852,
                -0.05350182901598522,
                0.020062848434271793
            ],
            [
                0.01933312371136551,
                0.014122145531255572,
                0.9997133565843536
            ],
            [
                -0.05376982353433306,
                0.9984678859620564,
                -0.013064715058061942
            ]
        ],
        "fy": 2320.129188666617,
        "fx": 2318.7033061391107
    },
    {
        "id": 32,
        "img_name": "0618",
        "width": 1917,
        "height": 1077,
        "position": [
            -1.3201981234955296,
            1.1341055382671636,
            -1.200353233497202
        ],
        "rotation": [
            [
                -0.9983625482060126,
                -0.05359175344128853,
                0.020003657232719508
            ],
            [
                0.019279497368429696,
                0.013995651332767206,
                0.9997161710830688
            ],
            [
                -0.053856506763962184,
                0.9984648445022285,
                -0.012939512058942984
            ]
        ],
        "fy": 2320.129188666617,
        "fx": 2318.7033061391107
    },
    {
        "id": 33,
        "img_name": "0619",
        "width": 1917,
        "height": 1077,
        "position": [
            -0.847343388899912,
            1.1250464445446002,
            -1.174764960476952
        ],
        "rotation": [
            [
                -0.9983622287892913,
                -0.05367633605261646,
                0.019791692066225913
            ],
            [
                0.019064431332367904,
                0.014027397069618088,
                0.9997198505528557
            ],
            [
                -0.05393892458003916,
                0.9984598555171947,
                -0.01298111457968752
            ]
        ],
        "fy": 2320.129188666617,
        "fx": 2318.7033061391107
    },
    {
        "id": 34,
        "img_name": "0620",
        "width": 1917,
        "height": 1077,
        "position": [
            -0.3746798648974854,
            1.1157201851035838,
            -1.1492748908575308
        ],
        "rotation": [
            [
                -0.9983603866646192,
                -0.05374515689111097,
                0.019697625481785414
            ],
            [
                0.018972608763372475,
                0.01396697483381876,
                0.9997224433465035
            ],
            [
                -0.05400535580461272,
                0.9984570004385471,
                -0.01292438856100457
            ]
        ],
        "fy": 2320.129188666617,
        "fx": 2318.7033061391107
    },
    {
        "id": 35,
        "img_name": "0621",
        "width": 1917,
        "height": 1077,
        "position": [
            0.09812960933018812,
            1.1068914684768163,
            -1.123913610837713
        ],
        "rotation": [
            [
                -0.998366287919397,
                -0.05369058182023174,
                0.019546779014683047
            ],
            [
                0.018827895639835963,
                0.01386275217041331,
                0.9997266298584012
            ],
            [
                -0.05394687657148742,
                0.9984613891012846,
                -0.01282922375336872
            ]
        ],
        "fy": 2320.129188666617,
        "fx": 2318.7033061391107
    },
    {
        "id": 36,
        "img_name": "0622",
        "width": 1917,
        "height": 1077,
        "position": [
            0.5708792809072303,
            1.0986883485275254,
            -1.0978398487638383
        ],
        "rotation": [
            [
                -0.9983605342456275,
                -0.05386628048254089,
                0.019356329397921455
            ],
            [
                0.018624998117278368,
                0.014045873743848471,
                0.9997278744117837
            ],
            [
                -0.0541234986481471,
                0.998449366396588,
                -0.013019586642282746
            ]
        ],
        "fy": 2320.129188666617,
        "fx": 2318.7033061391107
    },
    {
        "id": 37,
        "img_name": "0627",
        "width": 1917,
        "height": 1077,
        "position": [
            -2.2905100996096825,
            0.8206545398075692,
            -0.9103523487050561
        ],
        "rotation": [
            [
                -0.9983726974556689,
                -0.0532734122526172,
                0.020344545265349782
            ],
            [
                0.019618399041062093,
                0.014118256829419844,
                0.999707853946924
            ],
            [
                -0.05354507815062768,
                0.998480154219933,
                -0.013050143094308922
            ]
        ],
        "fy": 2320.129188666617,
        "fx": 2318.7033061391107
    },
    {
        "id": 38,
        "img_name": "0628",
        "width": 1917,
        "height": 1077,
        "position": [
            -1.817586723740477,
            0.81123561752968,
            -0.8847753288929623
        ],
        "rotation": [
            [
                -0.9983662516859482,
                -0.05348729700639689,
                0.02009817288956559
            ],
            [
                0.019364872911299295,
                0.014192973488623748,
                0.9997117390531532
            ],
            [
                -0.05375713154250894,
                0.9984676602486934,
                -0.013134011033217142
            ]
        ],
        "fy": 2320.129188666617,
        "fx": 2318.7033061391107
    },
    {
        "id": 39,
        "img_name": "0629",
        "width": 1917,
        "height": 1077,
        "position": [
            -1.3449583855625293,
            0.8018811650989619,
            -0.8595104934708986
        ],
        "rotation": [
            [
                -0.9983604898087401,
                -0.053636966853434095,
                0.019985198913581744
            ],
            [
                0.019254838530248508,
                0.014099174148510018,
                0.9997151916828633
            ],
            [
                -0.05390346539904345,
                0.9984609602158182,
                -0.013043287272789706
            ]
        ],
        "fy": 2320.129188666617,
        "fx": 2318.7033061391107
    },
    {
        "id": 40,
        "img_name": "0630",
        "width": 1917,
        "height": 1077,
        "position": [
            -0.8722081087370308,
            0.792723779366736,
            -0.8339788790984463
        ],
        "rotation": [
            [
                -0.9983626643057334,
                -0.053649279854920205,
                0.019843016187206994
            ],
            [
                0.019112482348196246,
                0.01409582897485418,
                0.9997179705416929
            ],
            [
                -0.05391385294010429,
                0.9984603459209381,
                -0.013047378456712536
            ]
        ],
        "fy": 2320.129188666617,
        "fx": 2318.7033061391107
    },
    {
        "id": 41,
        "img_name": "0631",
        "width": 1917,
        "height": 1077,
        "position": [
            -0.3993380315738393,
            0.7832930808192705,
            -0.80832351189322
        ],
        "rotation": [
            [
                -0.9983600493251193,
                -0.05375579173460788,
                0.019685699543859302
            ],
            [
                0.018952077319666513,
                0.014123190032350137,
                0.9997206381127578
            ],
            [
                -0.054018799290756384,
                0.9984542304774396,
                -0.013081244775991102
            ]
        ],
        "fy": 2320.129188666617,
        "fx": 2318.7033061391107
    },
    {
        "id": 42,
        "img_name": "0632",
        "width": 1917,
        "height": 1077,
        "position": [
            0.07338719107470057,
            0.7742370481154314,
            -0.7831259914215923
        ],
        "rotation": [
            [
                -0.9983675098943932,
                -0.05364839756680922,
                0.019600118004297742
            ],
            [
                0.018878247255979162,
                0.013929482627878518,
                0.9997247527666111
            ],
            [
                -0.05390665049704844,
                0.9984627278733208,
                -0.012893955171158988
            ]
        ],
        "fy": 2320.129188666617,
        "fx": 2318.7033061391107
    },
    {
        "id": 43,
        "img_name": "0633",
        "width": 1917,
        "height": 1077,
        "position": [
            0.5462709592787599,
            0.765385422623378,
            -0.7575308778318367
        ],
        "rotation": [
            [
                -0.9983649757136972,
                -0.05376150835092503,
                0.019418431657124636
            ],
            [
                0.018693110561457612,
                0.013961638777820373,
                0.9997277830790613
            ],
            [
                -0.05401798668708529,
                0.9984561947639322,
                -0.012933841339787526
            ]
        ],
        "fy": 2320.129188666617,
        "fx": 2318.7033061391107
    },
    {
        "id": 44,
        "img_name": "0825",
        "width": 1917,
        "height": 1077,
        "position": [
            0.35129983664104114,
            2.769764689060934,
            -2.8153512263084393
        ],
        "rotation": [
            [
                -0.052281760608334914,
                0.6865777696528453,
                -0.7251741747512914
            ],
            [
                -0.6967548087661136,
                0.495133748036184,
                0.5190137840336584
            ],
            [
                0.7154015333845662,
                0.5324035478602342,
                0.452489898513598
            ]
        ],
        "fy": 2320.129188666617,
        "fx": 2318.7033061391107
    },
    {
        "id": 45,
        "img_name": "0826",
        "width": 1917,
        "height": 1077,
        "position": [
            0.8259744377942975,
            2.7639659500884304,
            -2.788651371067029
        ],
        "rotation": [
            [
                -0.05187502478592357,
                0.6858707125061613,
                -0.7258721289109743
            ],
            [
                -0.6970540731258624,
                0.4956327597081771,
                0.5181349116231224
            ],
            [
                0.7151395674566638,
                0.5328503854088378,
                0.4523780120955799
            ]
        ],
        "fy": 2320.129188666617,
        "fx": 2318.7033061391107
    },
    {
        "id": 46,
        "img_name": "0830",
        "width": 1917,
        "height": 1077,
        "position": [
            0.2235888293116024,
            2.7678075130234703,
            -2.825457875089102
        ],
        "rotation": [
            [
                -0.05210102144824957,
                0.6881475472678311,
                -0.7236977523478412
            ],
            [
                -0.6966451201681456,
                0.4941858487965136,
                0.520063384016967
            ],
            [
                0.7155215301512309,
                0.5312563411748961,
                0.4536470432522443
            ]
        ],
        "fy": 2320.129188666617,
        "fx": 2318.7033061391107
    },
    {
        "id": 47,
        "img_name": "0831",
        "width": 1917,
        "height": 1077,
        "position": [
            0.6958518652333724,
            2.759632946331482,
            -2.8002314611932864
        ],
        "rotation": [
            [
                -0.05202596352706536,
                0.6881558954281928,
                -0.7236952139585436
            ],
            [
                -0.6969306555652248,
                0.49400782985637454,
                0.5198499065826803
            ],
            [
                0.7152488800777714,
                0.5314110721729626,
                0.45389570599365237
            ]
        ],
        "fy": 2320.129188666617,
        "fx": 2318.7033061391107
    },
    {
        "id": 48,
        "img_name": "0836",
        "width": 1917,
        "height": 1077,
        "position": [
            0.3270487202193296,
            2.440103623589007,
            -2.4767266319444223
        ],
        "rotation": [
            [
                -0.05136179298266737,
                0.6867556456954843,
                -0.7250714787708755
            ],
            [
                -0.6971860355913758,
                0.49517533360241356,
                0.5183946573491275
            ],
            [
                0.7150479690188529,
                0.5321353888787298,
                0.4533633530678197
            ]
        ],
        "fy": 2320.129188666617,
        "fx": 2318.7033061391107
    },
    {
        "id": 49,
        "img_name": "0837",
        "width": 1917,
        "height": 1077,
        "position": [
            0.802929032405804,
            2.4339951554508454,
            -2.448805190229221
        ],
        "rotation": [
            [
                -0.05115943508800502,
                0.6857807017922702,
                -0.7260079484763077
            ],
            [
                -0.6972576693999829,
                0.49592561438667015,
                0.5175804550580595
            ],
            [
                0.7149926256013974,
                0.5326937338138162,
                0.45279457957346925
            ]
        ],
        "fy": 2320.129188666617,
        "fx": 2318.7033061391107
    },
    {
        "id": 50,
        "img_name": "0841",
        "width": 1917,
        "height": 1077,
        "position": [
            0.19751434827186737,
            2.4363268187299716,
            -2.4862750644525087
        ],
        "rotation": [
            [
                -0.0519156252850515,
                0.6886321216640037,
                -0.7232500043994431
            ],
            [
                -0.697083863197696,
                0.4936106751377602,
                0.5200217197958368
            ],
            [
                0.7151075831793683,
                0.5311631598695233,
                0.4544082328444167
            ]
        ],
        "fy": 2320.129188666617,
        "fx": 2318.7033061391107
    },
    {
        "id": 51,
        "img_name": "0842",
        "width": 1917,
        "height": 1077,
        "position": [
            0.6699796330136378,
            2.427232497378602,
            -2.4608700501193965
        ],
        "rotation": [
            [
                -0.05194521513143502,
                0.6886476314400687,
                -0.7232331120302304
            ],
            [
                -0.697134368948688,
                0.49354620235851515,
                0.5200152091698875
            ],
            [
                0.7150561979701059,
                0.5312029610699385,
                0.45444256831316515
            ]
        ],
        "fy": 2320.129188666617,
        "fx": 2318.7033061391107
    },
    {
        "id": 52,
        "img_name": "0852",
        "width": 1917,
        "height": 1077,
        "position": [
            0.1724157808580104,
            2.1042170241574123,
            -2.14625777432014
        ],
        "rotation": [
            [
                -0.051976030471399995,
                0.6888176282977685,
                -0.7230689920074526
            ],
            [
                -0.6972979059168163,
                0.4932859857101113,
                0.5200428508363775
            ],
            [
                0.7148944835851364,
                0.5312242570216851,
                0.4546720423462386
            ]
        ],
        "fy": 2320.129188666617,
        "fx": 2318.7033061391107
    },
    {
        "id": 53,
        "img_name": "0853",
        "width": 1917,
        "height": 1077,
        "position": [
            0.6451230746693701,
            2.095156511175574,
            -2.120770730136781
        ],
        "rotation": [
            [
                -0.05200478521630942,
